17
14
154
87
179
128
99
212
100
103
314
219
150
54
94
235
236
215
134
310
326
83
177
224
333
46
151
208
225
27
232
259
62
251
317
159
312
311
142
280
183
282
292
205
264
138
12
44
175
286
250
48
72
73
8
164
268
341
247
306
330
167
166
240
244
200
135
190
143
13
206
331
32
281
42
246
21
213
279
318
321
85
144
49
265
184
162
344
28
50
301
262
77
245
274
43
252
115
339
0
130
97
276
188
319
136
82
37
76
117
272
90
35
254
63
203
92
277
211
298
343
69
56
171
253
198
327
124
4
337
95
104
243
60
273
91
329
65
192
140
342
304
61
38
263
173
45
199
55
96
133
41
241
299
290
315
165
16
24
111
269
195
316
256
163
216
294
2
84
112
332
283
287
227
234
15
141
131
289
1
9
210
114
335
148
296
52
255
29
267
257
26
303
187
308
207
186
116
197
338
